0 1 0 436da197a8f8fceac4c74d2264537b32000000000000000000000000000000ff
0 2 0 6ff3329283463b1b685d1c7a5ecad004000000000000000000000000000000ff
0 3 0 6ff3329283463b1b685d1c7a5ecad004000000000000000000000000000000ff
1 1 0 436da1ef28f8fceac4c74d2264537b32000001130000000000000000000000ff
1 2 0 214f8e6083463b1b685d1c7a5ecad004000001130000000000000000000000ff
1 3 0 214f8e6083463b1b685d1c7a5ecad004000001130000000000000000000000ff
2 1 0 c36da197a8f8996ac4c74d2264537b320000000000015d0000000000000000ff
2 2 0 eff3329283463b1b4ffae3a25ecad0040000000000015d0000000000000000ff
2 3 0 6ff3329283463b1b4ffae3a25ecad0040000000000015d0000000000000000ff
3 1 0 436da197a8f8fcea81474d2264537b3200000000000000019d000000000000ff
3 2 0 6ff33292eb26b393e85d1c7a5ecad00400000000000000019d000000000000ff
3 3 0 6ff33292eb26b393e85d1c7a5ecad00400000000000000019d000000000000ff
4 1 0 436da197a8f8fceac4c74d2264167b32000000000000000000000000019e00ff
4 2 0 6ff33292d66cc4ce685d1c7a5ecad004000000000000000000000000019e00ff
4 3 0 6ff33292d66cc4ce685d1c7a5ecad004000000000000000000000000019e00ff
5 1 0 4303a197a8f8fceac4c74d2264537b32016400000000000000000000000000ff
5 2 0 6ff3329283463b1b655b97f75ecad004016400000000000000000000000000ff
5 3 0 eff3329283463b1b655b97f75ecad004016400000000000000000000000000ff
6 1 0 c36da197a8f8fceac4c74d3064537b3200000000000000000000006c000000ff
6 2 0 eff3329283463b1b14428399decad00400000000000000000000006c000000ff
6 3 0 eff3329283463b1b14428399decad00400000000000000000000006c000000ff
7 1 0 436da197a8f8fceac4c74d2264537b06000000000000000000000000000000ff
7 2 0 6ff3329283463b1b685d1c7a5dc8d205000000000000000000000000000000ff
7 3 0 eff3329283463b1b685d1c7a5dc8d205000000000000000000000000000000ff
8 1 0 436da197a8f8fceac4c74d2264534db20000000000000000000000000000b7ff
8 2 0 332ff08c03463b1b685d1c7a5ecad0040000000000000000000000000000b7ff
8 3 0 b32ff08c03463b1b685d1c7a5ecad0040000000000000000000000000000b7ff
9 1 0 436da197a8f8fceab9474d2264537b3200000000000000010d000000000000ff
9 2 0 6ff33292f20d81a1e85d1c7a5ecad00400000000000000010d000000000000ff
9 3 0 6ff33292f20d81a1e85d1c7a5ecad00400000000000000010d000000000000ff
10 1 0 436da197a8f8fcf244c74d2264537b32000000000000005300000000000000ff
10 2 0 6ff33292c8fc81ea685d1c7a5ecad004000000000000005300000000000000ff
10 3 0 6ff33292c8fc81ea685d1c7a5ecad004000000000000005300000000000000ff
11 1 0 436da197a8f8fceac4c765a264537b3200000000000000000000f300000000ff
11 2 0 6ff3329283463b1b685d1c7a0410111f00000000000000000000f300000000ff
11 3 0 eff3329283463b1b685d1c7a0410111f00000000000000000000f300000000ff
12 1 0 436da197a8f8fceadd474d2264537b32000000000000000055000000000000ff
12 2 0 6ff33292c3df62c2e85d1c7a5ecad004000000000000000055000000000000ff
12 3 0 6ff33292c3df62c2e85d1c7a5ecad004000000000000000055000000000000ff
13 1 0 436db017a8f8fceac4c74d2264537b32000065000000000000000000000000ff
13 2 0 6ff33292aa6f2fa6e85d1c7a5ecad004000065000000000000000000000000ff
13 3 0 6ff33292aa6f2fa6e85d1c7a5ecad004000065000000000000000000000000ff
14 1 0 436da197a8f8fceac4c74d2262d37b32000000000000000000000000170000ff
14 2 0 6ff3329283463b1b5391eb0d5ecad004000000000000000000000000170000ff
14 3 0 eff3329283463b1b5391eb0d5ecad004000000000000000000000000170000ff
15 1 0 436da197a8f8fceac4c74d22641b7b3200000000000000000000000001b000ff
15 2 0 6ff33292df684947685d1c7a5ecad00400000000000000000000000001b000ff
15 3 0 6ff33292df684947685d1c7a5ecad00400000000000000000000000001b000ff
16 1 0 c36da197a8f896eac4c74d2264537b320000000000017c0000000000000000ff
16 2 0 eff3329283463b1b5d6806d5decad0040000000000017c0000000000000000ff
16 3 0 6ff3329283463b1b5d6806d5decad0040000000000017c0000000000000000ff
17 1 0 436da197a8f8fceac4c74d2218537b32000000000000000000000001080000ff
17 2 0 6ff3329283463b1b3461fc9adecad004000000000000000000000001080000ff
17 3 0 6ff3329283463b1b3461fc9adecad004000000000000000000000001080000ff
18 1 0 436da197a8f8fceaccc74d2264537b32000000000000000030000000000000ff
18 2 0 6ff33292be80c060685d1c7a5ecad004000000000000000030000000000000ff
18 3 0 eff33292be80c060685d1c7a5ecad004000000000000000030000000000000ff
19 1 0 436da197a8f8fcdec4c74d2264537b3200000000000000b800000000000000ff
19 2 0 6ff33292894a371d685d1c7a5ecad00400000000000000b800000000000000ff
19 3 0 6ff33292894a371d685d1c7a5ecad00400000000000000b800000000000000ff
20 1 0 436da197a8f8fceac4c750a264537b32000000000000000000004d00000000ff
20 2 0 6ff3329283463b1b685d1c7a43d7de97000000000000000000004d00000000ff
20 3 0 6ff3329283463b1b685d1c7a43d7de97000000000000000000004d00000000ff
21 1 0 4378a197a8f8fceac4c74d2264537b32007e00000000000000000000000000ff
21 2 0 6ff3329283463b1b41a5cd53decad004007e00000000000000000000000000ff
21 3 0 eff3329283463b1b41a5cd53decad004007e00000000000000000000000000ff
22 1 0 716da197a8f8fceac4c74d2264537b32ac00000000000000000000000000009b
22 2 0 6ff3329283463b1b685d1c7a620f297dac00000000000000000000000000009b
22 3 0 eff3329283463b1b685d1c7a620f297dac00000000000000000000000000009b
23 1 0 436da197ba78fceac4c74d2264537b32000000006f00000000000000000000ff
23 2 0 5336cbeb83463b1b685d1c7a5ecad004000000006f00000000000000000000ff
23 3 0 5336cbeb83463b1b685d1c7a5ecad004000000006f00000000000000000000ff
24 1 0 436da197a8f8fceac4c7172264537b3200000000000000000001dc00000000ff
24 2 0 6ff3329283463b1b685d1c7a1387f6ef00000000000000000001dc00000000ff
24 3 0 6ff3329283463b1b685d1c7a1387f6ef00000000000000000001dc00000000ff
25 1 0 436dc617a8f8fceac4c74d2264537b32000151000000000000000000000000ff
25 2 0 6ff33292a0e5c6c5685d1c7a5ecad004000151000000000000000000000000ff
25 3 0 eff33292a0e5c6c5685d1c7a5ecad004000151000000000000000000000000ff
26 1 0 436da197a8f8fceac4c74d2277d37b32000000000000000000000000690000ff
26 2 0 6ff3329283463b1b4223482e5ecad004000000000000000000000000690000ff
26 3 0 6ff3329283463b1b4223482e5ecad004000000000000000000000000690000ff
27 1 0 436da197a8f8fceac4c74d21e4537b32000000000000000000000009000000ff
27 2 0 6ff3329283463b1b29ebaa8d5ecad004000000000000000000000009000000ff
27 3 0 eff3329283463b1b29ebaa8d5ecad004000000000000000000000009000000ff
28 1 0 436da1fd28f8fceac4c74d2264537b320000017f0000000000000000000000ff
28 2 0 6b74359103463b1b685d1c7a5ecad0040000017f0000000000000000000000ff
28 3 0 eb74359103463b1b685d1c7a5ecad0040000017f0000000000000000000000ff
29 1 0 436da197a8f8fceac4c74d2264537b57000000000000000000000000000001ff
29 2 0 6ff3329283463b1b685d1c7a03eb71f8000000000000000000000000000001ff
29 3 0 6ff3329283463b1b685d1c7a03eb71f8000000000000000000000000000001ff
30 1 0 436da197a8f8fceac4c7682264537b3200000000000000000000de00000000ff
30 2 0 6ff3329283463b1b685d1c7a5d493dea00000000000000000000de00000000ff
30 3 0 eff3329283463b1b685d1c7a5d493dea00000000000000000000de00000000ff
31 1 0 436da1d1a8f8fceac4c74d2264537b32000001940000000000000000000000ff
31 2 0 05bf7eb483463b1b685d1c7a5ecad004000001940000000000000000000000ff
31 3 0 85bf7eb483463b1b685d1c7a5ecad004000001940000000000000000000000ff
32 1 0 436da197a8f8fceac4c74d226405fb3200000000000000000000000001f700ff
32 2 0 6ff33292dd694a45685d1c7a5ecad00400000000000000000000000001f700ff
32 3 0 6ff33292dd694a45685d1c7a5ecad00400000000000000000000000001f700ff
33 1 0 436da197a8f8fc8cc4c74d2264537b32000000000000015400000000000000ff
33 2 0 6ff3329298542912685d1c7a5ecad004000000000000015400000000000000ff
33 3 0 eff3329298542912685d1c7a5ecad004000000000000015400000000000000ff
34 1 0 c36da197a8f8fceac4c74d2249537b32000000000000000000000000ee0000ff
34 2 0 eff3329283463b1b70f4ad4b5ecad004000000000000000000000000ee0000ff
34 3 0 eff3329283463b1b70f4ad4b5ecad004000000000000000000000000ee0000ff
35 1 0 436da197a8f8fceac4c74d22646f7b32000000000000000000000000008800ff
35 2 0 6ff33292984bad80685d1c7a5ecad004000000000000000000000000008800ff
35 3 0 eff33292984bad80685d1c7a5ecad004000000000000000000000000008800ff
36 1 0 436da197a8f8fceac4c74d2232537b32000000000000000000000001f40000ff
36 2 0 6ff3329283463b1b100db4d2decad004000000000000000000000001f40000ff
36 3 0 6ff3329283463b1b100db4d2decad004000000000000000000000001f40000ff
37 1 0 436da197a8f8fceac4c74d2264530a32000000000000000000000000000126ff
37 2 0 736fd0ec03463b1b685d1c7a5ecad004000000000000000000000000000126ff
37 3 0 736fd0ec03463b1b685d1c7a5ecad004000000000000000000000000000126ff
38 1 0 436da197a8f8f76ac4c74d2264537b32000000000000390000000000000000ff
38 2 0 6ff3329283463b1b5267015d5ecad004000000000000390000000000000000ff
38 3 0 eff3329283463b1b5267015d5ecad004000000000000390000000000000000ff
39 1 0 436da197a8f8fceac4c64d2264537b32000000000000000000060000000000ff
39 2 0 7cfaa80183463b1b685d1c7a5ecad004000000000000000000060000000000ff
39 3 0 fcfaa80183463b1b685d1c7a5ecad004000000000000000000060000000000ff
40 1 0 436ddf97a8f8fceac4c74d2264537b32000104000000000000000000000000ff
40 2 0 6ff33292c40118ffe85d1c7a5ecad004000104000000000000000000000000ff
40 3 0 eff33292c40118ffe85d1c7a5ecad004000104000000000000000000000000ff
41 1 0 c36da197a8f8fceac4c74d2200d37b320000000000000000000000015b0000ff
41 2 0 eff3329283463b1b07349afcdecad0040000000000000000000000015b0000ff
41 3 0 eff3329283463b1b07349afcdecad0040000000000000000000000015b0000ff
42 1 0 2f6da197a8f8fceac4c74d2264537b3268000000000000000000000000000027
42 2 0 6ff3329283463b1b685d1c7a75b7865268000000000000000000000000000027
42 3 0 6ff3329283463b1b685d1c7a75b7865268000000000000000000000000000027
43 1 0 436da197a8f8fceac4c74d2264537b5a000000000000000000000000000001ff
43 2 0 6ff3329283463b1b685d1c7a22d54fe7000000000000000000000000000001ff
43 3 0 eff3329283463b1b685d1c7a22d54fe7000000000000000000000000000001ff
44 1 0 436da197a8f8fcfdc4c74d2264537b32000000000000007200000000000000ff
44 2 0 6ff33292ff59a4f8e85d1c7a5ecad004000000000000007200000000000000ff
44 3 0 eff33292ff59a4f8e85d1c7a5ecad004000000000000007200000000000000ff
45 1 0 436da197a8f8fc9dc4c74d2264537b32000000000000013200000000000000ff
45 2 0 6ff33292f555a8fee85d1c7a5ecad004000000000000013200000000000000ff
45 3 0 eff33292f555a8fee85d1c7a5ecad004000000000000013200000000000000ff
46 1 0 436da197a8f8fceae6474d2264537b320000000000000000cf000000000000ff
46 2 0 6ff3329293f79a3a685d1c7a5ecad0040000000000000000cf000000000000ff
46 3 0 eff3329293f79a3a685d1c7a5ecad0040000000000000000cf000000000000ff
47 1 0 73eda197a8f8fceac4c74d2264537b32a300000000000000000000000000009e
47 2 0 6ff3329283463b1b685d1c7a69123f6ba300000000000000000000000000009e
47 3 0 eff3329283463b1b685d1c7a69123f6ba300000000000000000000000000009e
48 1 0 436da197a8f8fceac4c74d22645378b2000000000000000000000000000009ff
48 2 0 021ee82583463b1b685d1c7a5ecad004000000000000000000000000000009ff
48 3 0 821ee82583463b1b685d1c7a5ecad004000000000000000000000000000009ff
49 1 0 436da197a8f8fcb7c4c74d2264537b3200000000000001ce00000000000000ff
49 2 0 6ff332928044391a685d1c7a5ecad00400000000000001ce00000000000000ff
49 3 0 6ff332928044391a685d1c7a5ecad00400000000000001ce00000000000000ff
50 1 0 436da197a8f8fceac4d34d2264537b32000000000000000000780000000000ff
50 2 0 5402f8a903463b1b685d1c7a5ecad004000000000000000000780000000000ff
50 3 0 d402f8a903463b1b685d1c7a5ecad004000000000000000000780000000000ff
51 1 0 55eda197a8f8fceac4c74d2264537b32770000000000000000000000000000d2
51 2 0 6ff3329283463b1b685d1c7a3f30cb9f770000000000000000000000000000d2
51 3 0 6ff3329283463b1b685d1c7a3f30cb9f770000000000000000000000000000d2
52 1 0 436da197a8f8fceac4c74d2264217b32000000000000000000000000012c00ff
52 2 0 6ff33292c067d9d8685d1c7a5ecad004000000000000000000000000012c00ff
52 3 0 6ff33292c067d9d8685d1c7a5ecad004000000000000000000000000012c00ff
53 1 0 436da197a8f8fceac4c74d3564537b32000000000000000000000072000000ff
53 2 0 6ff3329283463b1b5b7f3e6b5ecad004000000000000000000000072000000ff
53 3 0 eff3329283463b1b5b7f3e6b5ecad004000000000000000000000072000000ff
54 1 0 436da197a8f8fceac4dacd2264537b320000000000000000004d0000000000ff
54 2 0 59e81fa483463b1b685d1c7a5ecad0040000000000000000004d0000000000ff
54 3 0 d9e81fa483463b1b685d1c7a5ecad0040000000000000000004d0000000000ff
55 1 0 c36da197a8f8fceac4c74d53e4537b32000000000000000000000125000000ff
55 2 0 eff3329283463b1b55f4356edecad004000000000000000000000125000000ff
55 3 0 eff3329283463b1b55f4356edecad004000000000000000000000125000000ff
56 1 0 096da197a8f8fceac4c74d2264537b32bc00000000000000000000000000006b
56 2 0 6ff3329283463b1b685d1c7a1dd70edabc00000000000000000000000000006b
56 3 0 6ff3329283463b1b685d1c7a1dd70edabc00000000000000000000000000006b
57 1 0 436da1caa8f8fceac4c74d2264537b32000001ce0000000000000000000000ff
57 2 0 7968299f03463b1b685d1c7a5ecad004000001ce0000000000000000000000ff
57 3 0 f968299f03463b1b685d1c7a5ecad004000001ce0000000000000000000000ff
58 1 0 436da197a8f8fceac4c74d22643dfb32000000000000000000000000016700ff
58 2 0 6ff332928644bc9e685d1c7a5ecad004000000000000000000000000016700ff
58 3 0 6ff332928644bc9e685d1c7a5ecad004000000000000000000000000016700ff
59 1 0 436da197a8c47ceac4c74d2264537b3200000000008b000000000000000000ff
59 2 0 6ff3329283463b1b685d1c7a1905584300000000008b000000000000000000ff
59 3 0 eff3329283463b1b685d1c7a1905584300000000008b000000000000000000ff
60 1 0 436da197a8f8fceac4c74d226441fb32000000000000000000000000006f00ff
60 2 0 6ff33292d56d464d685d1c7a5ecad004000000000000000000000000006f00ff
60 3 0 eff33292d56d464d685d1c7a5ecad004000000000000000000000000006f00ff
61 1 0 436da197a8f8fcc1c4c74d2264537b3200000000000000fa00000000000000ff
61 2 0 6ff33292b96a170d685d1c7a5ecad00400000000000000fa00000000000000ff
61 3 0 6ff33292b96a170d685d1c7a5ecad00400000000000000fa00000000000000ff
62 1 0 436a2197a8f8fceac4c74d2264537b32001100000000000000000000000000ff
62 2 0 6ff3329283463b1b615991f35ecad004001100000000000000000000000000ff
62 3 0 6ff3329283463b1b615991f35ecad004001100000000000000000000000000ff
63 1 0 436da197a8c2fceac4c74d2264537b3200000000009c000000000000000000ff
63 2 0 6ff3329283463b1b685d1c7a1fea31c500000000009c000000000000000000ff
63 3 0 eff3329283463b1b685d1c7a1fea31c500000000009c000000000000000000ff
64 1 0 c36da197a8f8fceac4c74d2223537b32000000000000000000000001920000ff
64 2 0 eff3329283463b1b3efe698fdecad004000000000000000000000001920000ff
64 3 0 eff3329283463b1b3efe698fdecad004000000000000000000000001920000ff
65 1 0 436da197b9f8fceac4c74d2264537b32000000006600000000000000000000ff
65 2 0 2863654503463b1b685d1c7a5ecad004000000006600000000000000000000ff
65 3 0 a863654503463b1b685d1c7a5ecad004000000006600000000000000000000ff
66 1 0 436da197a8f8fceac4d7cd2264537b32000000000000000000630000000000ff
66 2 0 3edbcb4383463b1b685d1c7a5ecad004000000000000000000630000000000ff
66 3 0 3edbcb4383463b1b685d1c7a5ecad004000000000000000000630000000000ff
67 1 0 432d2197a8f8fceac4c74d2264537b32018300000000000000000000000000ff
67 2 0 6ff3329283463b1b1865540a5ecad004018300000000000000000000000000ff
67 3 0 6ff3329283463b1b1865540a5ecad004018300000000000000000000000000ff
68 1 0 436da197a8f9fceac4c74d2264537b32000000000006000000000000000000ff
68 2 0 6ff3329283463b1b685d1c7a1101544b000000000006000000000000000000ff
68 3 0 6ff3329283463b1b685d1c7a1101544b000000000006000000000000000000ff
69 1 0 c36da197a8f8abeac4c74d2264537b32000000000001f20000000000000000ff
69 2 0 eff3329283463b1b754012e9decad004000000000001f20000000000000000ff
69 3 0 6ff3329283463b1b754012e9decad004000000000001f20000000000000000ff
70 1 0 436da197a8f8fcea90c74d2264537b320000000000000001f8000000000000ff
70 2 0 6ff33292f18906a6e85d1c7a5ecad0040000000000000001f8000000000000ff
70 3 0 eff33292f18906a6e85d1c7a5ecad0040000000000000001f8000000000000ff
71 1 0 436da197a8f8fceac4c77fa264537b3200000000000000000000af00000000ff
71 2 0 6ff3329283463b1b685d1c7a0317129b00000000000000000000af00000000ff
71 3 0 eff3329283463b1b685d1c7a0317129b00000000000000000000af00000000ff
72 1 0 436da197a8f8fcea98474d2264537b320000000000000001cb000000000000ff
72 2 0 6ff33292bc86c464685d1c7a5ecad0040000000000000001cb000000000000ff
72 3 0 6ff33292bc86c464685d1c7a5ecad0040000000000000001cb000000000000ff
73 1 0 436da197a8f8986ac4c74d2264537b320000000000015b0000000000000000ff
73 2 0 6ff3329283463b1b3a0f35015ecad0040000000000015b0000000000000000ff
73 3 0 6ff3329283463b1b3a0f35015ecad0040000000000015b0000000000000000ff
74 1 0 436da197c778fceac4c74d2264537b32000000016100000000000000000000ff
74 2 0 2d6c6f4f03463b1b685d1c7a5ecad004000000016100000000000000000000ff
74 3 0 ad6c6f4f03463b1b685d1c7a5ecad004000000016100000000000000000000ff
75 1 0 436da197a8f8fc8744c74d2264537b32000000000000016d00000000000000ff
75 2 0 6ff33292d6205d28685d1c7a5ecad004000000000000016d00000000000000ff
75 3 0 eff33292d6205d28685d1c7a5ecad004000000000000016d00000000000000ff
76 1 0 436da197a8f8fceac499cd2264537b32000000000000000001c70000000000ff
76 2 0 641ad09903463b1b685d1c7a5ecad004000000000000000001c70000000000ff
76 3 0 641ad09903463b1b685d1c7a5ecad004000000000000000001c70000000000ff
77 1 0 436da197a8f8fceabb474d2264537b32000000000000000101000000000000ff
77 2 0 6ff332929d640727685d1c7a5ecad004000000000000000101000000000000ff
77 3 0 eff332929d640727685d1c7a5ecad004000000000000000101000000000000ff
78 1 0 436da197a8f8fceac4c74d2564537b32000000000000000000000012000000ff
78 2 0 6ff3329283463b1b52b9f8a45ecad004000000000000000000000012000000ff
78 3 0 eff3329283463b1b52b9f8a45ecad004000000000000000000000012000000ff
79 1 0 436da197a8f8fcbf44c74d2264537b3200000000000001fd00000000000000ff
79 2 0 6ff332928982ffd5685d1c7a5ecad00400000000000001fd00000000000000ff
79 3 0 6ff332928982ffd5685d1c7a5ecad00400000000000001fd00000000000000ff
80 1 0 016da197a8f8fceac4c74d2264537b328c00000000000000000000000000007b
80 2 0 6ff3329283463b1b685d1c7a2b0ce3b78c00000000000000000000000000007b
80 3 0 6ff3329283463b1b685d1c7a2b0ce3b78c00000000000000000000000000007b
81 1 0 436da197a8f8fceac4c74d1fe4537b3200000000000000000000008d000000ff
81 2 0 6ff3329283463b1b3b3f7e4b5ecad00400000000000000000000008d000000ff
81 3 0 eff3329283463b1b3b3f7e4b5ecad00400000000000000000000008d000000ff
82 1 0 436da197a8f8fcead4c74d2264537b32000000000000000060000000000000ff
82 2 0 6ff33292da75d1f1e85d1c7a5ecad004000000000000000060000000000000ff
82 3 0 6ff33292da75d1f1e85d1c7a5ecad004000000000000000060000000000000ff
83 1 0 436dfc17a8f8fceac4c74d2264537b320001cd000000000000000000000000ff
83 2 0 6ff33292d095fe8d685d1c7a5ecad0040001cd000000000000000000000000ff
83 3 0 6ff33292d095fe8d685d1c7a5ecad0040001cd000000000000000000000000ff
84 1 0 436da197a8f8fceac4c72e2264537b32000000000000000000014a00000000ff
84 2 0 6ff3329283463b1b685d1c7a37a3e4d9000000000000000000014a00000000ff
84 3 0 eff3329283463b1b685d1c7a37a3e4d9000000000000000000014a00000000ff
85 1 0 436da197a8fefceac4c74d2264537b32000000000014000000000000000000ff
85 2 0 6ff3329283463b1b685d1c7a31fd08eb000000000014000000000000000000ff
85 3 0 eff3329283463b1b685d1c7a31fd08eb000000000014000000000000000000ff
86 1 0 436da197a8f899eac4c74d2264537b320000000000015e0000000000000000ff
86 2 0 6ff3329283463b1b6cd9f210decad0040000000000015e0000000000000000ff
86 3 0 eff3329283463b1b6cd9f210decad0040000000000015e0000000000000000ff
87 1 0 436da197a8f8fceab1474d2264537b3200000000000000013d000000000000ff
87 2 0 6ff33292d9f156f6e85d1c7a5ecad00400000000000000013d000000000000ff
87 3 0 eff33292d9f156f6e85d1c7a5ecad00400000000000000013d000000000000ff
88 1 0 436da197a8f8fceac4c74d2264537b51000000000000000000000000000001ff
88 2 0 6ff3329283463b1b685d1c7a026a70f8000000000000000000000000000001ff
88 3 0 eff3329283463b1b685d1c7a026a70f8000000000000000000000000000001ff
89 1 0 436da1c128f8fceac4c74d2264537b32000001f70000000000000000000000ff
89 2 0 7eed2c9d83463b1b685d1c7a5ecad004000001f70000000000000000000000ff
89 3 0 feed2c9d83463b1b685d1c7a5ecad004000001f70000000000000000000000ff
90 1 0 430c2197a8f8fceac4c74d2264537b32014500000000000000000000000000ff
90 2 0 6ff3329283463b1b7c57026e5ecad004014500000000000000000000000000ff
90 3 0 eff3329283463b1b7c57026e5ecad004014500000000000000000000000000ff
91 1 0 436da1e128f8fceac4c74d2264537b32000001370000000000000000000000ff
91 2 0 7821e05783463b1b685d1c7a5ecad004000001370000000000000000000000ff
91 3 0 f821e05783463b1b685d1c7a5ecad004000001370000000000000000000000ff
92 1 0 436da197a8f8fceac4c74d5b64537b32000000000000000000000116000000ff
92 2 0 6ff3329283463b1b43a7e6ab5ecad004000000000000000000000116000000ff
92 3 0 6ff3329283463b1b43a7e6ab5ecad004000000000000000000000116000000ff
93 1 0 436da197a8f8fceac4c712a264537b3200000000000000000001c100000000ff
93 2 0 6ff3329283463b1b685d1c7a7e6a2c5800000000000000000001c100000000ff
93 3 0 6ff3329283463b1b685d1c7a7e6a2c5800000000000000000001c100000000ff
94 1 0 436da197a8f8fceac4c74d226428fb32000000000000000000000000011900ff
94 2 0 6ff33292e5756e7d685d1c7a5ecad004000000000000000000000000011900ff
94 3 0 eff33292e5756e7d685d1c7a5ecad004000000000000000000000000011900ff
95 1 0 436da197a8f8fceac4c74d3764537b3200000000000000000000007e000000ff
95 2 0 6ff3329283463b1b5bb7f6a35ecad00400000000000000000000007e000000ff
95 3 0 6ff3329283463b1b5bb7f6a35ecad00400000000000000000000007e000000ff
96 1 0 436da197a8f8fceac4c74d22641d7b3200000000000000000000000001a400ff
96 2 0 6ff33292f37e736b685d1c7a5ecad00400000000000000000000000001a400ff
96 3 0 6ff33292f37e736b685d1c7a5ecad00400000000000000000000000001a400ff
97 1 0 436da197e278fceac4c74d2264537b3200000001bf00000000000000000000ff
97 2 0 6978bf9f83463b1b685d1c7a5ecad00400000001bf00000000000000000000ff
97 3 0 e978bf9f83463b1b685d1c7a5ecad00400000001bf00000000000000000000ff
98 1 0 c36da197a8f8fceac4c74d1b64537b32000000000000000000000096000000ff
98 2 0 eff3329283463b1b553cfda6decad004000000000000000000000096000000ff
98 3 0 6ff3329283463b1b553cfda6decad004000000000000000000000096000000ff
99 1 0 436da197a8f8fceac4c74d22644f7b32000000000000000000000000004800ff
99 2 0 6ff33292ec9d8f74e85d1c7a5ecad004000000000000000000000000004800ff
99 3 0 6ff33292ec9d8f74e85d1c7a5ecad004000000000000000000000000004800ff
100 1 0 436da197a8f8fceac4c74d14e4537b320000000000000000000000b7000000ff
100 2 0 6ff3329283463b1b619bdab55ecad0040000000000000000000000b7000000ff
100 3 0 6ff3329283463b1b619bdab55ecad0040000000000000000000000b7000000ff
101 1 0 436da1aaa8f8fceac4c74d2264537b320000008e0000000000000000000000ff
101 2 0 399756a083463b1b685d1c7a5ecad0040000008e0000000000000000000000ff
101 3 0 399756a083463b1b685d1c7a5ecad0040000008e0000000000000000000000ff
102 1 0 436da197a8f8fceac0c74d2264537b32000000000000000018000000000000ff
102 2 0 6ff33292c35ee3c3e85d1c7a5ecad004000000000000000018000000000000ff
102 3 0 6ff33292c35ee3c3e85d1c7a5ecad004000000000000000018000000000000ff
103 1 0 436da197a88f7ceac4c74d2264537b32000000000131000000000000000000ff
103 2 0 6ff3329283463b1b685d1c7a271a797d000000000131000000000000000000ff
103 3 0 eff3329283463b1b685d1c7a271a797d000000000131000000000000000000ff
104 1 0 436da197a8f8fceac4c74d223dd37b32000000000000000000000001d50000ff
104 2 0 6ff3329283463b1b69df9f795ecad004000000000000000000000001d50000ff
104 3 0 6ff3329283463b1b69df9f795ecad004000000000000000000000001d50000ff
105 1 0 436da197a8f8fceaafc74d2264537b3200000000000000017a000000000000ff
105 2 0 6ff33292e23da181e85d1c7a5ecad00400000000000000017a000000000000ff
105 3 0 6ff33292e23da181e85d1c7a5ecad00400000000000000017a000000000000ff
106 1 0 436da197a8f8fceac4c74d22645324320000000000000000000000000001c2ff
106 2 0 2cb0137003463b1b685d1c7a5ecad0040000000000000000000000000001c2ff
106 3 0 acb0137003463b1b685d1c7a5ecad0040000000000000000000000000001c2ff
107 1 0 c36da197a8f8b56ac4c74d2264537b32000000000001b50000000000000000ff
107 2 0 eff3329283463b1b437609c4decad004000000000001b50000000000000000ff
107 3 0 6ff3329283463b1b437609c4decad004000000000001b50000000000000000ff
108 1 0 436da197a8f8fceac4c75f2264537b32000000000000000000006c00000000ff
108 2 0 6ff3329283463b1b685d1c7a48dcdb19000000000000000000006c00000000ff
108 3 0 eff3329283463b1b685d1c7a48dcdb19000000000000000000006c00000000ff
109 1 0 436da197a8f8fceac4c778a264537b3200000000000000000000bd00000000ff
109 2 0 6ff3329283463b1b685d1c7a50443b6100000000000000000000bd00000000ff
109 3 0 6ff3329283463b1b685d1c7a50443b6100000000000000000000bd00000000ff
110 1 0 436da197a8f8fceac4c74d2264207b32000000000000000000000000012a00ff
110 2 0 6ff33292ad510235685d1c7a5ecad004000000000000000000000000012a00ff
110 3 0 6ff33292ad510235685d1c7a5ecad004000000000000000000000000012a00ff
111 1 0 436da197a8f8fceac4c74d226429fb32000000000000000000000000011f00ff
111 2 0 6ff33292cd615255685d1c7a5ecad004000000000000000000000000011f00ff
111 3 0 6ff33292cd615255685d1c7a5ecad004000000000000000000000000011f00ff
112 1 0 436da197aaf8fceac4c74d2264537b32000000000c00000000000000000000ff
112 2 0 1128173703463b1b685d1c7a5ecad004000000000c00000000000000000000ff
112 3 0 9128173703463b1b685d1c7a5ecad004000000000c00000000000000000000ff
113 1 0 436da18128f8fceac4c74d2264537b32000000770000000000000000000000ff
113 2 0 2e45846583463b1b685d1c7a5ecad004000000770000000000000000000000ff
113 3 0 ae45846583463b1b685d1c7a5ecad004000000770000000000000000000000ff
114 1 0 436da197a8f8fceac4c74d1164537b320000000000000000000000aa000000ff
114 2 0 6ff3329283463b1b08d594925ecad0040000000000000000000000aa000000ff
114 3 0 6ff3329283463b1b08d594925ecad0040000000000000000000000aa000000ff
115 1 0 c311a197a8f8fceac4c74d2264537b32010800000000000000000000000000ff
115 2 0 eff3329283463b1b3a980ba8decad004010800000000000000000000000000ff
115 3 0 eff3329283463b1b3a980ba8decad004010800000000000000000000000000ff
116 1 0 436da997a8f8fceac4c74d2264537b32000030000000000000000000000000ff
116 2 0 6ff33292c60319fce85d1c7a5ecad004000030000000000000000000000000ff
116 3 0 eff33292c60319fce85d1c7a5ecad004000030000000000000000000000000ff
117 1 0 433ba197a8f8fceac4c74d2264537b3201f400000000000000000000000000ff
117 2 0 6ff3329283463b1b2c9316bedecad00401f400000000000000000000000000ff
117 3 0 6ff3329283463b1b2c9316bedecad00401f400000000000000000000000000ff
118 1 0 3eeda197a8f8fceac4c74d2264537b320d000000000000000000000000000004
118 2 0 6ff3329283463b1b685d1c7a7e2b11450d000000000000000000000000000004
118 3 0 6ff3329283463b1b685d1c7a7e2b11450d000000000000000000000000000004
119 1 0 436da197b678fceac4c74d2264537b32000000004700000000000000000000ff
119 2 0 582bddfd83463b1b685d1c7a5ecad004000000004700000000000000000000ff
119 3 0 582bddfd83463b1b685d1c7a5ecad004000000004700000000000000000000ff
120 1 0 436da197a8f8fcd4c4c74d2264537b32000000000000008400000000000000ff
120 2 0 6ff332928ecf321fe85d1c7a5ecad004000000000000008400000000000000ff
120 3 0 eff332928ecf321fe85d1c7a5ecad004000000000000008400000000000000ff
121 1 0 436da197a8f8fc8dc4c74d2264537b32000000000000015200000000000000ff
121 2 0 6ff33292d3265b2b685d1c7a5ecad004000000000000015200000000000000ff
121 3 0 6ff33292d3265b2b685d1c7a5ecad004000000000000015200000000000000ff
122 1 0 436da197a8f8fceac4c74d22643a7b32000000000000000000000000017600ff
122 2 0 6ff332929c49ab84685d1c7a5ecad004000000000000000000000000017600ff
122 3 0 6ff332929c49ab84685d1c7a5ecad004000000000000000000000000017600ff
123 1 0 436da197a8e47ceac4c74d2264537b3200000000004b000000000000000000ff
123 2 0 6ff3329283463b1b685d1c7a66d6f43c00000000004b000000000000000000ff
123 3 0 6ff3329283463b1b685d1c7a66d6f43c00000000004b000000000000000000ff
124 1 0 436da197a8f8fceac4c74d2264537b25000000000000000000000000000000ff
124 2 0 6ff3329283463b1b685d1c7a45d8c20d000000000000000000000000000000ff
124 3 0 eff3329283463b1b685d1c7a45d8c20d000000000000000000000000000000ff
125 1 0 436da197a8f8fceac4c74d2264530db2000000000000000000000000000137ff
125 2 0 263afa1383463b1b685d1c7a5ecad004000000000000000000000000000137ff
125 3 0 a63afa1383463b1b685d1c7a5ecad004000000000000000000000000000137ff
126 1 0 436da197a8f8fcdcc4c74d2264537b3200000000000000b400000000000000ff
126 2 0 6ff3329292582514685d1c7a5ecad00400000000000000b400000000000000ff
126 3 0 6ff3329292582514685d1c7a5ecad00400000000000000b400000000000000ff
127 1 0 c36da197a8f8fceac4c74d2248d37b32000000000000000000000000eb0000ff
127 2 0 eff3329283463b1b128a31d7decad004000000000000000000000000eb0000ff
127 3 0 eff3329283463b1b128a31d7decad004000000000000000000000000eb0000ff
128 1 0 436da197a8f8fceac4c74d22642e7b32000000000000000000000000010e00ff
128 2 0 6ff33292da86a242e85d1c7a5ecad004000000000000000000000000010e00ff
128 3 0 6ff33292da86a242e85d1c7a5ecad004000000000000000000000000010e00ff
