0 00000000000000000000000000000000
1 0000000000000000000000008f000000
2 000000000000000000d3000000000000
3 00000000000000d10000000000000000
4 00005100000000000000000000000000
5 00000000000000000000000000003b00
6 00000000240000000000000000000000
7 96000000000000000000000000000000
8 00b60000000000000000000000000000
9 00000000000000df0000000000000000
10 00000000000000008c00000000000000
11 00000000008a00000000000000000000
12 00000000000000cc0000000000000000
13 00000000000000000000000000c40000
14 000000b0000000000000000000000000
15 00000900000000000000000000000000
16 0000000000000000002b000000000000
17 0000001f000000000000000000000000
18 00000000000000080000000000000000
19 00000000000000001600000000000000
20 0000000000dc00000000000000000000
21 00000000000000000000000000005400
22 00000000000000000000000000000026
23 0000000000000000000000a400000000
24 00000000002d00000000000000000000
25 00000000000000000000000000f30000
26 000000e4000000000000000000000000
27 00000000e00000000000000000000000
28 000000000000000000000000ab000000
29 53000000000000000000000000000000
30 00000000005200000000000000000000
31 00000000000000000000000031000000
32 0000b500000000000000000000000000
33 00000000000000003300000000000000
34 0000005a000000000000000000000000
35 00001e00000000000000000000000000
36 00000035000000000000000000000000
37 00470000000000000000000000000000
38 000000000000000000e8000000000000
39 00000000000040000000000000000000
40 000000000000000000000000003f0000
41 00000093000000000000000000000000
42 0000000000000000000000000000001b
43 8b000000000000000000000000000000
44 00000000000000007400000000000000
45 00000000000000007700000000000000
46 00000000000000a20000000000000000
47 00000000000000000000000000000086
48 00e00000000000000000000000000000
49 00000000000000005d00000000000000
50 00000000000014000000000000000000
51 000000000000000000000000000000b4
52 00002700000000000000000000000000
53 00000000740000000000000000000000
54 000000000000dc000000000000000000
55 00000000c70000000000000000000000
56 00000000000000000000000000000029
57 0000000000000000000000005d000000
58 0000bb00000000000000000000000000
59 000000000000000000009e0000000000
60 0000a400000000000000000000000000
61 00000000000000006a00000000000000
62 0000000000000000000000000000f000
63 000000000000000000002e0000000000
64 00000071000000000000000000000000
65 00000000000000000000004400000000
66 00000000000084000000000000000000
67 00000000000000000000000000008100
68 00000000000000000000400000000000
69 00000000000000000075000000000000
70 00000000000000150000000000000000
71 0000000000a600000000000000000000
72 000000000000009d0000000000000000
73 00000000000000000093000000000000
74 0000000000000000000000fb00000000
75 0000000000000000db00000000000000
76 000000000000bd000000000000000000
77 00000000000000ff0000000000000000
78 00000000700000000000000000000000
79 0000000000000000d500000000000000
80 00000000000000000000000000000021
81 00000000de0000000000000000000000
82 00000000000000040000000000000000
83 00000000000000000000000000dd0000
84 00000000006300000000000000000000
85 00000000000000000000300000000000
86 00000000000000000053000000000000
87 00000000000000d70000000000000000
88 63000000000000000000000000000000
89 000000000000000000000000b5000000
90 0000000000000000000000000000c300
91 000000000000000000000000b7000000
92 000000004f0000000000000000000000
93 0000000000fd00000000000000000000
94 0000ef00000000000000000000000000
95 00000000540000000000000000000000
96 00003900000000000000000000000000
97 0000000000000000000000a900000000
98 000000004e0000000000000000000000
99 00001c00000000000000000000000000
100 00000000b60000000000000000000000
101 0000000000000000000000005e000000
102 00000000000000100000000000000000
103 00000000000000000000f70000000000
104 000000cd000000000000000000000000
105 000000000000006b0000000000000000
106 007d0000000000000000000000000000
107 000000000000000000c9000000000000
108 00000000002400000000000000000000
109 0000000000d600000000000000000000
110 00006700000000000000000000000000
111 0000af00000000000000000000000000
112 00000000000000000000002000000000
113 000000000000000000000000b4000000
114 00000000660000000000000000000000
115 00000000000000000000000000001f00
116 00000000000000000000000000080000
117 00000000000000000000000000003500
118 000000000000000000000000000000df
119 0000000000000000000000bc00000000
120 00000000000000003e00000000000000
121 00000000000000007300000000000000
122 00004b00000000000000000000000000
123 000000000000000000009c0000000000
124 f4000000000000000000000000000000
125 00b70000000000000000000000000000
126 00000000000000003600000000000000
127 0000009a000000000000000000000000
128 00005f00000000000000000000000000
