0 00000000000000000000000000000000
1 01000000000000000000000000000000
2 02000000000000000000000000000000
3 04000000000000000000000000000000
4 08000000000000000000000000000000
5 00010000000000000000000000000000
6 00020000000000000000000000000000
7 00040000000000000000000000000000
8 00080000000000000000000000000000
9 00000100000000000000000000000000
10 00000200000000000000000000000000
11 00000400000000000000000000000000
12 00000800000000000000000000000000
13 00000001000000000000000000000000
14 00000002000000000000000000000000
15 00000004000000000000000000000000
16 00000008000000000000000000000000
17 00000000010000000000000000000000
18 00000000020000000000000000000000
19 00000000040000000000000000000000
20 00000000080000000000000000000000
21 00000000000100000000000000000000
22 00000000000200000000000000000000
23 00000000000400000000000000000000
24 00000000000800000000000000000000
25 00000000000001000000000000000000
26 00000000000002000000000000000000
27 00000000000004000000000000000000
28 00000000000008000000000000000000
29 00000000000000010000000000000000
30 00000000000000020000000000000000
31 00000000000000040000000000000000
32 00000000000000080000000000000000
33 00000000000000000100000000000000
34 00000000000000000200000000000000
35 00000000000000000400000000000000
36 00000000000000000800000000000000
37 00000000000000000001000000000000
38 00000000000000000002000000000000
39 00000000000000000004000000000000
40 00000000000000000008000000000000
41 00000000000000000000010000000000
42 00000000000000000000020000000000
43 00000000000000000000040000000000
44 00000000000000000000080000000000
45 00000000000000000000000100000000
46 00000000000000000000000200000000
47 00000000000000000000000400000000
48 00000000000000000000000800000000
49 00000000000000000000000001000000
50 00000000000000000000000002000000
51 00000000000000000000000004000000
52 00000000000000000000000008000000
53 00000000000000000000000000010000
54 00000000000000000000000000020000
55 00000000000000000000000000040000
56 00000000000000000000000000080000
57 00000000000000000000000000000100
58 00000000000000000000000000000200
59 00000000000000000000000000000400
60 00000000000000000000000000000800
61 00000000000000000000000000000001
62 00000000000000000000000000000002
63 00000000000000000000000000000004
64 00000000000000000000000000000008
